1.927680230578961984e-01 5.136769847852825643e-01 4.187847427857376292e-01 2.890983709865896367e-01 1.086235250970188915e-01 9.807809407885630382e-01 3.667909875424890664e-01 2.897727772782120459e-01 1.553932461431978274e-01 6.981324076504725751e-01 7.105826476114343038e-01 8.738370077578394568e-01 6.258774865391413256e-01 8.631932499775385459e-02 2.171297929110036495e-01
2.382110536224565367e-01 6.445989377369760742e-01 4.444606167276881070e-01 3.600962924530692888e-01 9.263032571712839225e-01 8.156381896441599055e-01 2.742289390409470284e-01 7.453756469084591441e-01 8.473102421593831091e-01 7.583252715498045582e-01 1.338317191233117098e-01 9.349749670989748740e-01 1.052931352811037335e-02 5.195356132385905434e-01 4.440595675117784413e-01
9.430183949697148460e-01 7.986948375800971833e-01 6.983730746234275699e-01 2.237559360857589441e-01 4.115677961929561368e-01 1.276632696707080683e-02 6.246733100571700836e-01 9.570980743449619688e-01 9.378481764203777660e-01 3.435860538157540223e-01 4.152989357424275996e-01 9.597599418726613374e-01 2.785307798502345555e-02 4.626057804585567146e-01 9.735446433185667159e-01
1.385483714920825449e-01 9.183346538853552898e-01 4.592675700727789634e-01 2.182305846751370071e-01 9.784360499391417942e-01 3.529383408309472170e-01 1.096230428409226132e-01 7.288729542076154422e-01 1.943962647410271138e-01 5.886431790063324510e-01 6.801559020240520725e-01 2.552468241855965214e-01 8.575005927015707519e-01 4.539802291626773290e-01 5.228701179950902000e-01
1.559000969552990501e-01 6.216861090055637584e-01 5.689484629805451332e-01 2.448714670280635053e-01 5.553834198164125935e-01 4.689299711284746763e-01 1.527281993963055529e-01 1.849059410698645767e-01 5.994377589828135955e-01 6.995724936264625660e-01 1.424073428753123149e-01 1.964741225628379162e-01 6.663492242212922800e-01 2.313759027783911515e-01 8.767685267928447823e-01
3.097472701148850094e-01 5.686073387049973560e-01 3.973647907556021597e-01 8.412539017227153026e-01 8.069395897917723826e-01 4.488418695323859176e-01 1.796103264830861690e-01 3.808936656186433511e-01 5.162688990163551983e-01 2.727002880924468409e-01 4.142682239113743004e-01 2.910099948980537921e-01 4.479887065892362852e-01 4.485739043206682375e-02 3.044763026317612864e-01
9.031696790612644410e-01 7.301427464180076932e-01 7.697152371671899251e-01 9.945384287985572502e-01 1.335070510176001868e-01 7.198326956381403408e-01 3.284236984048521935e-01 4.032553013360608007e-01 3.131223180708448961e-01 7.516083138400638797e-01 6.117589803839136309e-01 5.330036726888875975e-01 7.980191473579167916e-01 3.558100329010163154e-01 3.209219493559397618e-01
7.524840877865115463e-01 8.591085679812827669e-01 6.012059300280205854e-01 1.430251461321270234e-01 2.037641515975519013e-01 5.011998712485085106e-01 5.371159421789912791e-01 9.064055473087296866e-01 6.392677412521844404e-01 3.788079255161461711e-01 8.887756550305676573e-01 3.971764415155397687e-01 5.338241780837170714e-01 9.824075448639022490e-01 7.767624219750065562e-01
6.865507931089239735e-01 6.675147496711661965e-01 1.274148593067156998e-01 5.817763008558387572e-01 2.727611155985781854e-01 6.271377576874686000e-01 7.447272174266106326e-02 1.853576679104586011e-01 9.466999960289624871e-01 4.527737204878855559e-01 6.784971187447257357e-01 7.560182625253079047e-01 3.861802204751257905e-01 9.462711024117805847e-01 4.069141010997070484e-01
9.205083359012367072e-02 9.438600192855357562e-01 2.000321279683572318e-01 6.435619916527527407e-01 1.152412032130036845e-01 6.424562884843779687e-01 2.192985120646291364e-01 9.657413704816339983e-01 7.305160060410221812e-01 4.535020379425667159e-01 2.574945669373259749e-01 9.510802185149139776e-01 7.306836210466659542e-01 2.515087851944974862e-02 5.424848207678151235e-01
8.456173022896039670e-01 2.702054173312837815e-01 8.311689261002037643e-01 2.369413369829241889e-01 7.815912498499759664e-01 1.891088120247723658e-01 2.443297777243665925e-01 3.427571790398644680e-01 5.086953187568732382e-02 6.274953002069730834e-01 5.753855160036341898e-01 4.578388057475777373e-01 5.209791724678262126e-01 7.695544389688693254e-01 3.191714305177891786e-01
7.652650558138662795e-02 3.605770060453916681e-02 7.916840137831302471e-01 8.170490682217264045e-01 7.660349741496368381e-01 9.141594236019361386e-01 5.241415950434429316e-01 1.903560445460052986e-01 9.327461609957454769e-03 7.356817970636067017e-01 2.643229657628457518e-01 7.524951173775229485e-01 3.359986718446359433e-01 7.007584143206671001e-01 3.441687696590116641e-01
1.006928210356308195e-01 6.527247722947215891e-02 5.946707450495418712e-01 4.740223273056036746e-01 7.496287934772907224e-01 3.442867587494877757e-01 7.973662864662353078e-01 1.950700011228579944e-01 8.259528840161501906e-01 2.358826926776516064e-01 1.925212271773925066e-01 2.202043014841226221e-01 2.569779049788931680e-01 8.922382768689429700e-01 4.443581066961556081e-01
7.957652505236142426e-01 2.223900277209511778e-01 4.956385880129199339e-01 5.942305772833647026e-01 3.844190982546047408e-01 8.350780009153445649e-01 3.584570280107661766e-01 3.618163596418231265e-01 3.770808860405450158e-01 5.441575304922556811e-01 2.812698380395058928e-01 1.306179872420849541e-01 3.139729292056631094e-01 2.503137250327613916e-01 9.489141048655749255e-01
4.685849987115786597e-02 3.366763392137657185e-01 7.180512867484588613e-01 9.025728849685230593e-01 2.077291792179737362e-01 3.466750672509371078e-01 4.948818087294800661e-01 8.244286054053551194e-02 3.657192264749042909e-01 9.540995032151622368e-01 4.095764347813385386e-01 3.722247663724017608e-01 3.378442186752866894e-01 6.911728502362730620e-01 2.282023295244181016e-01
5.279938739967082739e-01 3.580105639017799879e-01 8.226199373827910444e-01 1.718837214755708498e-02 1.701784266731299899e-01 2.455608454070048463e-01 6.542495363929653474e-01 7.153134843656566710e-01 3.757045392390155891e-01 8.097912710559451721e-01 4.854512681982773303e-01 5.034422949092373090e-01 3.639115258683545129e-01 4.054089789814738776e-01 4.747381981714335897e-01
7.281462714048372309e-01 1.889090299403720641e-01 3.343464407899110480e-02 1.538619594341330554e-01 2.733979414921655637e-01 2.751761814435734754e-01 4.132730531654176254e-01 6.883182843005192231e-01 5.411821233193845337e-01 6.427084302810346372e-01 7.222079584217621084e-01 9.091607567527532074e-01 7.669149834361931317e-01 9.918594816368142553e-02 5.582391317472394920e-01
1.596245824797658530e-01 4.090040895735853610e-01 5.996668880816335978e-02 7.102663716244961289e-02 3.843676128686529525e-01 7.121009794446475638e-02 3.108084897566261162e-01 5.301039589466285396e-01 8.677128924015391487e-01 4.105983939675653671e-01 3.432257807170272512e-01 3.580987146738217053e-01 9.412836728455141744e-01 3.494655143280370746e-01 6.931723801057615431e-01
5.119596661090181078e-01 5.455999121681837094e-01 6.846230282962759706e-01 9.957337321537684804e-02 7.630929197247092732e-01 6.330733887166278828e-01 7.994703885941836230e-01 7.262099225528276802e-01 1.471599650556418837e-01 7.845025365580863275e-01 3.482312384961887552e-01 5.285924651062751112e-01 1.637107022999972905e-01 3.506308299499003578e-01 3.417428785121011670e-01
6.180198070204113714e-01 7.655091905132719310e-01 7.926177151662925358e-01 9.477493262535141572e-02 4.948643866522827173e-01 6.912653442393977832e-01 8.473402538779335469e-01 8.733725516041510595e-01 7.785416983600422780e-01 1.077762981184767765e-01 6.541243598747019661e-01 9.386452183961266904e-01 4.696397295705875274e-01 6.166858417179384988e-01 8.734252811061983257e-01
6.827138497343149259e-01 3.517295954686334714e-01 8.531702174204458533e-01 1.513638077153554029e-01 2.275083612718945547e-01 6.370106959270809277e-01 5.405145773691656386e-01 7.622999191237309624e-01 2.772620054352890051e-01 4.135120744706907159e-01 8.198702178137419194e-01 3.214882050315339690e-01 8.926458370546879184e-01 2.070921481257447239e-01 4.734277202968963927e-01
4.949449638293712539e-01 5.060744952926976570e-02 4.239310057032416035e-01 1.603047329704023749e-01 4.042700600940045685e-01 8.004742527315058531e-01 2.779942841062436054e-01 2.938905750412864615e-01 5.057020739396127507e-01 4.232919676504832696e-01 7.718237067694184717e-01 5.361498769089826366e-01 7.903732166913182144e-01 8.552313201850046953e-01 3.687732484971859570e-01
5.218972045860814646e-02 8.086663308958159657e-01 7.276817744792252185e-02 9.154388252189628039e-01 6.743520192138364733e-01 2.022632189653138512e-01 1.942629832477035245e-01 8.406872204914492830e-01 5.620470588298189796e-01 6.883179653062144743e-01 8.310197175207398868e-01 4.639922898853919841e-01 5.146339075199046764e-02 8.331831736029693403e-01 2.735117387629066865e-01
7.346137883349419528e-01 1.054294050662688553e-01 6.592536177903537409e-01 6.284749366317906594e-01 6.556949414736711335e-01 8.046070702465538682e-01 7.802377336755705883e-01 1.042981096597062063e-03 5.002329086654934143e-01 3.302074179117739927e-01 2.111631713979542635e-01 8.757265536670645334e-01 6.527847732507533474e-01 5.885365079757916007e-01 1.394166198247773769e-01
6.384522725536667664e-01 7.493748129315951356e-01 9.803508225625612305e-01 3.139394503885771792e-01 9.084362924232980419e-01 5.007642422774749580e-02 1.515353045896951079e-01 8.659348114304769028e-01 3.381805908298644026e-01 2.925345042945008966e-01 7.947142473482018410e-01 4.492099013824929488e-01 5.066498067062746857e-01 5.124191544631232498e-01 9.669538519011607880e-01
1.622365046883080808e-01 4.721533608852713781e-01 1.484876289768372049e-01 3.138049630828363412e-01 1.850313735010604699e-01 6.055333422542973354e-01 6.010953452362458593e-01 3.826151116831719712e-01 8.026884692633573515e-03 7.260401826304921924e-01 3.603240456701100047e-01 9.785717309487118598e-02 6.340245687322433321e-01 4.426264862727727900e-01 8.724283395115878248e-01
8.796446369160717538e-01 8.074804650056237598e-01 3.298350173315236500e-01 4.369976035634444145e-01 7.650103925019963169e-01 4.240322742848394721e-01 1.265425536540796259e-01 4.720682467085441925e-01 3.189004757640401255e-02 5.371340131762630810e-01 8.854737526771251366e-01 3.839637001379578862e-01 8.832437218949562574e-02 9.117491622678670637e-01 7.549047479573112174e-01
7.436697783983319265e-01 6.850317739217417490e-01 2.803568356017925867e-01 3.476963177204749345e-01 1.822154006824158179e-01 5.675118099032612218e-01 9.389169168176459968e-01 4.820881826145752003e-01 5.028678149751864002e-01 7.750881706101253599e-01 1.738743268729738833e-01 1.929831700124106098e-01 4.466276733520052611e-01 6.655710360122579772e-01 4.348110568501269979e-01
4.997917653702222962e-01 5.869813795332228246e-01 9.202908516850710763e-01 9.147800071103382447e-01 2.890565019293126481e-01 3.585746998653084328e-01 2.954845903026620535e-01 9.777340586180465198e-01 5.673773303613324215e-01 4.410403333410624072e-01 5.109423259498496739e-01 8.544330160805957419e-02 2.122855322663200761e-01 4.619511655629450209e-01 8.114631879702027817e-01
8.056205556057217665e-01 7.468821884057063043e-01 4.740048448288118887e-01 4.032149814044182490e-01 4.139487626059118464e-01 8.091536012590990756e-01 8.825348027164704456e-01 8.153409554220757416e-01 6.384374884687550322e-01 7.615611025395818690e-02 5.361187542113905469e-01 6.240939085965805377e-01 9.332120366280916013e-02 2.513780120112983907e-01 6.167400586184180744e-01
2.324022779000923800e-01 5.919810112306336247e-01 5.600877620138737800e-01 5.069384296380280430e-01 5.815434446778394717e-01 3.801259560126202253e-01 4.352536396856645506e-01 5.724527960692457063e-01 5.384998085388007505e-01 9.625067981271075990e-01 4.524481917254227215e-01 8.753704120620697804e-02 4.321220346681673430e-01 5.600263676511454403e-01 9.721992850907531514e-01
3.649169811334361802e-01 3.142622915026357377e-01 2.841743589352028199e-01 4.634986546620455394e-01 9.590725785167726336e-01 9.700623471186495816e-01 2.630109366049042663e-01 3.569011389190369643e-01 8.987870828711225224e-01 8.522171627910161140e-01 9.025961733340233106e-01 1.295818352601230128e-01 4.862235105967432913e-01 7.816871117192936147e-02 2.305978473143710517e-02
7.282214818700358805e-01 6.731953130052070744e-01 2.318103268109821258e-01 9.350267381065847649e-01 8.090478740146933578e-01 9.275809755360042708e-02 2.191491974714480095e-01 8.176211418454013558e-01 5.591005030330552517e-01 3.034546890687578324e-01 7.211532251893366663e-01 5.424447926465415515e-01 3.898682193432865262e-01 6.819896956857851578e-01 7.928937291596046544e-01
1.373251141878369941e-01 6.512796547183097307e-01 9.259727935499759699e-01 7.999494156235453790e-01 5.021983403142330493e-01 3.066592140591595239e-01 7.760222923440428522e-01 7.541000403719517742e-01 9.767495426616091825e-01 7.088043527452025927e-02 1.032555929468742528e-01 9.112871337480159539e-01 1.930138916571100260e-01 9.383258264748228772e-02 3.414079503792778469e-01
9.981811596678655807e-01 5.835109437257660625e-01 9.874582553398025819e-02 2.942917558046594939e-01 6.486168061625147141e-01 5.898392123906783802e-01 9.958888368649638778e-01 9.172641727327076611e-01 9.126117690834847362e-01 6.916238832195109598e-02 6.788129373357240093e-01 5.658863964026222826e-01 4.174817756049096218e-01 7.940182991014732572e-03 6.365284804247833828e-01
5.685882685101202316e-01 6.493082914967361896e-01 2.592008193322710152e-01 5.680528386440930610e-02 7.927939859471475614e-01 7.617523252991030835e-01 5.141002686444662295e-02 9.217389018965759240e-01 2.618766742534660574e-01 1.404782637498450670e-01 3.813532317711757491e-01 1.832792773535965036e-01 7.677290854634317707e-01 9.999644469998127949e-01 4.355793148970300566e-01
4.150481084523873765e-01 3.952403796792097745e-01 5.988911139180959076e-01 2.706349241774601566e-01 6.577625939696312152e-01 7.658573950257363538e-01 1.774707316637108567e-01 4.692844165671312684e-01 1.724963510549495371e-01 1.890632473298928806e-01 4.121364054979175240e-01 7.211751588196838592e-01 6.929377262909983681e-01 7.202345040856247271e-01 5.425986391637400708e-01
5.753212318848888174e-01 4.188144577347563402e-02 8.863459322831804821e-01 1.981800792487002916e-01 7.603677340170528209e-01 9.884991268280367560e-01 4.808707271853518428e-02 9.928917345992003263e-01 9.999628148430308450e-01 7.959787047573330110e-02 6.500065159291422701e-01 6.479358223576702214e-01 6.212260740821284877e-02 2.704870863079403831e-01 4.928190857019749682e-01
7.107919488829248511e-01 5.784481643747796387e-01 9.137883651498629467e-01 3.296769469289629884e-01 9.130126205257874661e-01 3.195859868869052045e-01 8.470435021644376894e-01 8.509742398416084708e-01 2.902279910016085651e-01 6.972714488362253826e-01 8.713329777777294449e-01 6.713731570870818954e-01 9.725559351700130417e-02 5.457885819507635183e-02 7.396041091341245544e-01
5.409654037052672448e-01 8.150562299414676470e-02 6.352130695804504290e-01 2.677138774583747161e-01 6.196478278320906030e-01 4.227290031740149612e-02 1.991632976579289505e-01 2.273718617703014422e-01 2.550821745331203205e-01 8.900501811984496969e-01 5.796281796945406128e-01 1.765298201349506657e-01 1.202084175115892828e-01 4.880663319696186830e-01 8.445978564729880178e-01
9.181386368227776318e-01 4.398004832774063955e-01 2.861654953675674129e-01 6.313898626876457421e-02 1.266099807522081955e-01 5.712534432882641067e-01 2.221330116529516285e-01 1.350795858646577363e-01 7.133805403469983819e-01 3.188091212053698609e-01 9.627837541679888922e-01 5.575264231648896507e-01 7.379755735819550910e-01 3.412912757998978197e-01 7.103554169223629255e-01
5.148112491275023128e-01 8.296858905872287471e-01 5.377366760446689042e-01 6.598063046218251015e-01 8.397307578346786539e-01 4.284660616806573730e-01 4.658229215581851657e-01 7.741966387735136346e-01 7.068244685669192728e-01 4.009533303466500387e-01 3.641227262982560386e-01 9.533710059544696636e-01 3.559476123221950727e-01 6.922722182091101129e-01 6.657228670334167653e-01
4.699083434705376705e-01 7.364541514169505865e-01 2.608904466216752649e-01 7.969755232138591161e-01 1.811301396591170620e-01 7.307426214041473633e-01 4.136411094037126812e-01 5.720765012698879604e-01 1.919738045441895524e-01 3.690143448711725727e-01 1.010704944339627653e-01 8.283042750979979774e-01 1.666032884608947828e-02 9.101301872607607812e-01 3.344152201325933937e-02
5.502498684042126387e-01 5.754922263010012751e-01 4.838324079514944032e-01 6.730019782336289502e-01 6.453097072538900303e-01 1.006884577861557606e-01 6.993590155487148241e-01 7.149782861497977482e-01 7.464659195678299275e-01 8.314570440657614858e-01 7.460149780515135109e-01 3.053906166953498369e-01 9.966187160548369839e-01 5.687492260335055283e-01 6.894201399931256802e-01
3.293823953207334343e-01 8.343878250478442560e-01 7.297243701157107854e-02 1.267678745852056643e-01 2.038820398138119216e-01 2.901045456144034640e-01 7.077706569106598788e-01 2.697275970782706533e-01 4.903581947655821782e-01 5.137041074942503283e-01 8.606315187294264479e-01 1.707507340019438491e-01 5.480147648818346484e-01 2.419198372268961394e-01 6.963618911694283709e-01
3.651735571264507207e-01 9.881177840376084154e-01 3.369368280488767020e-01 5.383185251562226936e-01 9.398631275636503135e-01 1.485167253004848753e-02 6.454355320401555796e-01 5.481832113764130154e-01 1.918798314886638323e-02 6.485211736649041381e-01 6.368551013204252209e-01 5.713716896601472861e-02 1.306437003047917766e-01 5.720226671661389206e-01 8.934194469948480988e-01
1.681473349990836308e-01 8.883065118607658128e-02 8.263292460821911600e-01 3.765037154361113858e-01 9.071995032102653234e-02 2.334812294247614606e-01 1.295555475112730726e-03 9.656634205140072202e-01 3.630268356489155801e-01 3.208781728204295192e-01 2.715523158899936229e-01 5.947820688109936027e-01 6.738952006710658971e-01 7.314486691385033712e-01 1.511460788308159886e-01
4.127093051934919155e-01 2.401189071321832014e-01 6.588284212243411542e-02 1.857489049648353152e-01 7.375860619742896640e-01 7.690307514056113902e-01 7.299149929564253680e-01 6.138423434834509029e-01 8.642567931904931999e-02 2.851805121048301972e-01 5.993337658697183157e-01 4.759202299850499029e-01 6.483588283652782502e-01 6.897478934472480727e-01 8.937758660682663114e-01
9.234445013797135671e-01 1.383835676474312049e-01 6.708152153799320505e-01 4.407424666801900148e-01 9.133019250795608723e-01 5.658387798776195465e-01 8.933387362854211533e-01 5.832590901593764920e-01 9.473280745405934233e-01 9.285394641009836469e-01 3.412303320612848356e-01 2.551978688193750067e-01 1.523688238174625287e-02 1.852646895131605520e-01 1.494531138388046632e-01
6.205111802593477055e-01 4.583864151960379552e-01 5.539582848070256915e-01 1.681542048843340798e-01 7.164958122863254175e-01 7.046349092427983685e-01 9.890072606394557653e-01 1.497113869267656661e-01 9.477423434236347255e-01 8.967336755167687468e-01 7.506329141805759830e-01 9.447632739601853347e-01 9.439803057902151906e-02 9.358966123184597752e-01 3.664194867805353750e-01
4.103916156773717017e-01 4.487964026514242866e-01 8.725852001130273150e-01 2.849513039428280825e-01 7.729280589142800695e-01 6.392382153455775651e-01 9.943839186564771282e-01 9.548608481388057845e-01 6.203212946071434697e-01 3.895460621983887206e-01 6.307440107640095439e-01 1.653964787106837475e-01 1.648799910349194597e-01 7.564519236739770669e-01 4.530670798984802738e-01
1.867052708920732274e-01 7.469833877138252198e-01 1.791485002886155087e-01 7.061805744094908910e-01 1.782248174912628436e-01 7.048822003959334115e-01 3.605575911711813575e-01 2.945439920989112448e-02 4.402995745174217435e-01 4.436728077337758203e-01 2.214043859146274107e-01 6.511805961377554741e-01 5.483420444019361240e-01 1.607289998959826605e-01 9.893152131764176849e-01
8.507000992626445601e-01 6.517268088799197390e-01 8.711659624725450746e-01 3.825148774390033646e-01 5.401248960374543939e-01 6.012716047495688665e-01 4.033842563007359328e-01 2.527073346457222591e-01 7.072869297244236408e-01 1.121930167780038623e-02 9.886502885664628648e-01 3.750026828947061741e-02 8.184540664029044121e-01 4.734009537074090890e-02 7.472254663943378450e-01
3.819566933063972547e-01 2.141821403086403564e-01 7.072113853870455324e-01 2.792011198369896974e-01 8.397620769746971803e-01 7.416197639106251183e-01 1.909409180838261832e-03 4.026051812502763338e-01 3.794027589525272859e-02 7.535833711583233008e-01 6.608478681156818579e-01 3.546660224587586674e-01 7.459107191105458501e-01 7.854239445080393178e-01 8.924875205087874352e-01
1.163166258987183843e-01 2.492341954017440742e-02 5.213412653362936577e-01 4.381336829575743774e-02 1.600674228877045913e-01 8.355954031406115368e-01 3.165990691115664335e-01 9.509965881230690865e-01 5.657385384104784976e-01 3.940070466224561141e-01 2.417538727407532173e-01 1.694556020794618645e-01 3.375490927466595625e-02 3.464768542959684172e-01 7.724403546142214472e-01
9.645865342796001718e-01 6.281780916929123881e-01 7.590725693872047986e-01 7.888939541880379824e-02 4.179619296616887691e-02 2.317137746154817046e-01 5.478441476883325612e-01 4.630221378499013163e-01 1.577002974828028981e-01 4.156925429570301755e-02 3.721267782292406734e-01 8.164303414910368817e-01 3.199304590932960934e-01 3.729068810038665971e-01 9.439548657925372899e-01
2.861847785913387288e-01 5.616559452215961201e-01 6.631128104895366304e-01 2.891157980090613977e-01 6.274391760914044269e-03 3.187767286990091931e-01 3.307346736402116960e-01 6.275488122125005841e-01 2.071649275101881127e-01 2.906083564396561014e-01 7.732502801494912648e-01 5.468029277475452421e-01 6.007748922319537943e-01 4.926135566655287512e-02 1.957758598197237854e-01
1.280103865468965596e-01 7.869770403090251554e-01 2.892258379718438688e-01 3.081568340440843379e-02 4.380737124092531909e-01 1.642644139407949400e-01 1.130022133787342842e-01 7.708849103718788953e-01 7.401691765512478094e-01 3.213678364910201868e-01 7.225084003943620381e-01 7.156452200679741527e-01 6.122957980658259025e-01 2.753749498052837641e-02 2.812963058280978368e-01
5.165022751095732501e-01 5.480742603410114766e-01 5.607500516423260528e-01 2.346750066302035753e-01 9.868781871502263492e-02 5.775586646078091357e-01 1.657173753896702406e-01 8.112668510303046032e-01 3.836416276780019174e-01 7.802245656730139034e-01 2.211741006393042053e-02 7.611334974402300668e-01 7.024065555695451213e-01 9.952102846346105869e-01 5.725236117217965548e-01
6.508703885098757747e-01 9.112025068507723091e-02 7.425179642216412912e-01 3.642869345466910325e-01 3.162945871955569199e-02 9.608016802354935049e-02 7.812361433705662384e-01 4.198637146291164246e-01 1.676749535493580190e-01 5.147855853506131396e-01 5.275834874824787413e-01 2.368056870621192411e-01 2.553378127826455568e-02 1.030634651086401732e-01 5.592687014022540426e-01
2.825936046970005666e-01 3.381907950228323356e-01 7.579410949807821041e-01 4.246148379898246894e-01 4.271330098639688488e-01 5.864733348533881507e-01 1.698393819494226076e-02 6.223508055695902152e-01 4.548776877512010763e-01 3.979930603318060367e-01 1.456974615449737609e-01 6.692565451097760576e-01 4.702150825308550885e-01 4.094916941269177713e-02 3.294725595499278237e-01
4.618903286946308695e-01 4.540205050495086381e-01 6.616529880630775962e-01 9.802294523825886285e-01 5.032710352525893160e-01 1.636896593041642367e-01 9.743585575386358721e-01 4.967094082412450984e-01 5.933054522730832891e-01 5.725861621576537885e-01 3.746229785680106339e-01 8.332648757851016663e-01 3.595134614984989430e-01 9.989773288227731252e-01 8.168370053201932102e-01
3.477914390833163338e-01 8.240779236659870888e-01 8.208358699449307405e-01 7.006881960459180325e-01 5.839775990729302313e-01 4.275885707793177781e-01 9.233643773859373516e-01 4.754558875204882851e-01 6.738976118051656083e-01 3.707203827232449234e-01 4.005944972812865990e-01 4.058022584751392881e-01 7.345742433150681538e-02 6.519462374166028473e-01 3.861665889889236425e-01
6.647203793601241806e-01 6.570566062353048187e-01 7.913315780988019466e-01 3.964888157570168881e-01 6.418268807361183770e-01 8.142873366842597882e-01 3.683598326059174255e-01 2.645128756687620264e-01 6.400002377259522701e-01 9.633343096813250517e-01 6.552508955412816860e-02 4.718970495970862267e-01 3.220074398445604835e-01 2.041473416665454677e-01 4.844947038519817895e-01
6.674910642216024259e-01 6.992704761726560303e-01 8.573191155524806373e-02 6.390128888157040610e-01 3.880245668548645277e-01 9.509836980209013246e-01 9.968418936327068103e-01 6.900637218460838884e-01 4.296039000460806223e-01 4.452193223445738424e-01 1.703335900943686587e-01 2.594154349828213801e-01 2.407720109283719712e-01 5.785596190085952051e-01 3.742379990507876952e-01
9.009840834745077576e-01 1.040447048954370457e-01 6.632669628768453896e-01 9.680826448548637275e-01 5.843545728449794918e-02 6.434182164496768941e-01 7.152220170556951029e-01 2.177432520790634207e-01 1.127760786378647628e-01 7.865962489710663919e-01 9.591552629382672501e-01 5.194506710430868424e-01 4.810446053170880365e-02 1.235281583835411423e-01 5.857383027039201329e-01
8.203161656123627576e-01 7.682279177240403101e-03 8.198233969570435375e-01 4.047955364195519046e-01 8.826307436823793706e-01 1.111185587517838913e-01 9.011598552227728653e-01 8.481206722203490367e-01 3.141288983296991466e-01 8.386419969578529088e-02 5.783282652506687160e-01 7.611541850958426503e-01 3.994183375820636872e-02 9.366154610361938637e-01 3.280564032818005238e-01
8.164210712875440423e-01 4.042688739844262358e-01 5.574624312252908220e-01 5.253879429125747347e-01 4.583208541311164508e-01 4.007625638683108837e-01 8.195458206281035496e-01 8.076271212337721161e-01 4.903888905781574881e-01 1.560701562560361522e-01 4.302472856655737976e-01 9.193990740578241727e-01 2.617781147066484682e-01 2.619715382704834727e-01 8.687663703525894121e-02
8.964157442469510295e-01 9.646235836996022162e-01 4.528504977295788603e-01 3.232527835291467699e-01 5.857280211087343424e-01 3.630063810420132153e-01 2.140431307893375656e-01 1.175420666872459829e-01 8.277600221309181494e-01 3.774787701393831352e-01 3.609750499601538376e-02 5.974269650688376343e-01 4.380469603296749392e-01 2.167197454145591839e-01 5.003770627639865243e-01
8.196725424463666698e-01 6.454832813821849147e-01 6.705759117461296270e-03 6.148112066265835063e-01 6.455270127340340114e-01 3.654382956218057421e-01 4.007226727744355177e-01 6.055251463300079795e-01 5.082938526658387079e-02 6.612401109639727270e-01 8.119973337497843335e-02 1.869351526778583183e-01 8.147821371694637937e-01 3.265207714618711954e-01 1.079528292209709361e-01
9.056915953767983307e-01 4.657012694896842664e-01 2.271657739637670259e-01 6.564723977801728561e-01 8.178433872818897665e-01 3.340268843572219426e-01 8.845459709290800498e-01 4.086198117762825932e-01 2.666844168692203976e-01 4.452426432846211535e-01 5.212820410373402158e-01 2.425886772398292424e-01 5.061038438850440357e-02 4.047867852573583392e-01 3.157850086115570054e-01
1.629644058664382333e-01 6.977495992763542709e-01 3.442921744701950004e-01 1.918374126005528701e-01 7.664715279680616167e-01 4.026267687589354383e-01 6.661732251086620593e-01 7.335220500468095928e-01 6.507912021662736191e-01 6.364371155837441618e-01 5.308817967575447661e-01 6.218012278790133740e-01 9.422057687433433859e-01 8.560665848252778654e-01 6.106468529266900758e-01
7.914543994463942855e-01 7.645798214670340709e-02 2.605475990355413662e-01 2.752955304831973260e-01 3.014114295264045396e-01 8.066883021202100323e-01 2.439492032542623923e-01 1.518626691456778088e-01 2.810545343580361788e-01 2.734084919393214852e-01 9.813625204719933492e-01 5.302536581623891188e-01 5.499405329561967148e-01 1.432974262144860456e-01 2.057859650027744625e-01
7.834609407743704512e-01 8.316052133941670421e-01 8.531268368021642790e-01 7.830192241219541271e-01 2.421208686422560152e-01 9.544729948901392591e-01 7.453871626324826138e-02 9.496450024175812077e-01 3.805290376732126667e-01 7.539182331019528283e-01 2.414850835856302558e-01 2.769851820573804302e-01 7.898583101006139140e-01 5.642559867348200253e-01 4.546054579417767583e-01
6.273027299564719605e-01 9.607232272255720185e-01 9.474645092180711270e-02 6.300714289668861712e-01 9.602026925586171213e-01 8.957228865564417220e-01 4.863731580222833140e-01 8.429794913673647194e-01 6.377674467178308104e-01 6.094182908942181731e-01 4.683199225456629033e-01 2.412194055552441263e-02 9.153393785059193988e-01 7.454666306017755373e-01 6.117365987806343552e-01
4.156147871486811640e-01 2.599577955670301366e-01 2.493105338864468612e-01 7.961116521856559380e-01 2.507708089504158133e-01 4.152816072134524195e-02 8.409521414116402083e-01 3.126086589181015229e-01 2.070719543902215243e-01 2.735500778446232628e-01 3.696873695656396341e-01 3.704637577530269787e-01 5.058005134830190208e-01 6.189042327851815850e-01 4.339927497219149277e-01
8.493559995631745352e-01 6.171417830576141350e-01 6.779880074299216020e-02 3.267250102787337962e-01 5.957550697242035564e-01 9.117901583984758807e-01 3.212194653546284195e-01 7.516526567122379099e-01 5.863048270201328682e-01 5.279335799217304004e-01 2.052624667361324651e-01 3.953871654635716659e-01 5.731594941217701411e-01 5.312324123212148752e-01 3.713306471020643151e-01
4.923407043063283695e-01 9.194442817478625241e-01 2.623444237942207380e-01 7.243934660286058813e-01 1.164534419330071069e-01 2.506452295368325478e-01 7.702634602211932968e-01 5.038042099364173909e-01 3.559469011670068905e-01 6.454747991637415083e-01 6.739715795613454574e-01 4.947474785526864149e-01 5.396066342876945088e-01 4.434605118154276715e-01 3.856199801317307108e-01
3.855061809847384335e-01 3.518521877502590600e-01 3.490515730402167227e-01 2.242927945202031204e-01 8.420678235815949320e-01 6.361375292867553766e-01 1.240530134345338986e-01 7.432293217097324378e-01 6.628188568290480642e-01 9.539270953313770951e-01 4.425295209675909058e-01 3.366370200760973042e-01 3.744933957336162855e-01 8.830149867732657309e-01 7.259247679576571466e-01
2.771759849246969720e-01 9.204041937766768156e-01 8.067633038710644300e-01 8.663225566857184479e-01 3.616536045248707198e-01 2.482662929799759333e-01 9.407540931675716367e-01 9.211462523644668998e-01 2.677368451550943274e-02 4.773434550422814837e-01 8.603622279833421649e-01 9.737499791332761001e-01 2.548631683175475171e-01 1.474093587029368102e-02 4.709181310770386153e-01
6.824207864712206195e-02 2.901283313693906463e-01 2.092636670456164971e-01 7.763626142514510331e-01 4.420013038607981670e-01 6.095574053496943812e-01 9.799243606940444273e-02 8.671755611778352302e-01 5.925850599104014460e-01 8.512972614664819915e-01 3.649352725306471701e-01 4.434179534784460364e-01 1.820832763961783840e-01 1.719371134379441557e-01 3.096707676818759580e-01
1.623121809081847777e-01 7.503760060031661183e-01 5.988186853833912249e-01 9.737161760075019323e-02 2.468875796182798954e-01 3.490922906947526716e-01 3.930790022127463867e-01 2.905261681698434462e-01 9.369007726097386968e-01 7.304726158137426761e-01 1.662833476184579773e-01 7.330170866069614100e-01 1.633265623135191635e-01 3.478640747918410048e-01 9.675433451856552125e-01
4.015133418033074442e-01 5.102596380738424475e-01 2.706272187484304315e-02 5.704829303225315007e-01 4.528116989205692722e-01 9.109534532282689279e-01 4.480692001004369374e-01 6.655254534021832757e-01 5.365632622057611156e-01 8.002962012264577263e-01 4.393407124931690833e-01 5.132258126947469856e-01 4.259775217814663062e-01 5.964166430050289458e-01 3.725688153211625941e-02
9.771685603112834073e-02 4.048358786685216648e-01 7.244578370996401784e-02 5.632748244957563877e-02 5.232755581780579313e-02 6.987655662146414759e-01 3.505188152279649083e-01 3.862388395269537034e-01 5.357102773315275401e-01 6.842731246578518389e-01 7.841714041038253535e-01 4.266751058415206854e-01 9.428622348426595190e-01 7.299925142596843664e-01 6.743582371288981969e-01
3.139475136328522265e-01 9.203179330748305631e-01 9.190505673478365223e-01 1.894137319106639072e-01 9.647887401269510388e-01 1.956070592975628353e-01 7.132771249955637272e-01 2.629531160958317182e-01 9.865632083026070198e-01 9.524140470243122047e-01 3.256949634477050992e-01 2.158971006406281701e-01 6.294801794866888844e-02 3.789615344806501751e-01 5.011728239426785914e-01
7.892061118680238074e-03 5.065967735076581935e-02 9.707142481993915606e-01 8.160315247230861546e-01 2.082716403152206075e-01 6.294638970292190105e-01 6.454747675701031362e-01 5.687910999199076167e-01 4.210839579871701321e-01 7.135879895049805910e-01 4.904927140886818915e-01 8.515620996215219618e-01 4.958762734130064409e-01 6.264936855547237338e-01 8.511959567028694051e-01
6.580176233224117599e-01 1.730416046445604206e-02 9.872881004232855195e-01 1.730006495434155411e-01 4.445161477055757926e-01 5.208782732121726156e-01 6.745634278872915113e-01 6.353839284935284271e-01 8.807191444296840199e-01 3.576964415881050963e-01 7.708635298513373257e-01 7.400251033742638596e-01 9.189782406366792111e-01 7.647578718198422276e-02 6.033856939476781589e-01
8.378264038923257662e-01 2.992337166475858012e-01 7.645696837852412608e-01 8.562052183963057006e-01 1.953087401807153123e-01 4.635682425256095751e-01 4.225239515747314378e-01 3.713479289248931003e-01 1.606944066456226228e-01 3.855970204063263740e-02 4.317379579644283760e-01 7.052701860863486161e-03 9.968699727803884691e-01 5.521496814456228197e-01 8.132722677162088631e-01
4.587645895697390896e-01 4.260697547032610277e-01 4.443407329931562399e-01 7.352912534245987786e-01 3.293589383198014531e-01 5.897662867552377897e-01 7.867402309337161448e-01 3.671195092270497229e-01 5.900691931006945001e-01 1.940432070803590481e-01 3.656649488559100547e-01 2.480655428611207025e-01 6.841971029729954079e-01 1.786667274466333666e-01 6.588108912021505281e-01
9.301825488596363600e-01 9.973755486239315182e-01 5.774616561182798202e-01 5.552904945595085184e-01 9.094780217940573452e-01 1.745233507596023470e-01 8.683410123926345037e-01 2.771710034206688045e-01 1.786662618078107556e-01 5.858741992675494670e-01 5.178230905738724354e-01 4.753452111151893478e-01 1.729142081882030224e-01 3.632539807473668114e-01 3.024291966723013925e-01
3.656393800885188172e-01 7.561280576797706487e-01 5.875416954812042736e-01 3.465337373333248205e-01 5.743767296018787993e-01 2.097391964414847543e-01 4.484353211075644552e-01 5.374772007384267525e-01 5.294237861772387310e-01 2.466721699682202784e-01 2.189335849027806979e-03 9.555644192322657604e-01 3.228463390227199747e-01 7.704918118250944081e-01 5.045257091787376247e-01
6.192447640353467841e-01 5.343874376792371317e-01 4.325724910867740913e-01 6.185878456540165882e-01 4.577003017039545929e-01 9.561451452756839497e-01 1.194989910068586791e-01 5.552861243181946849e-01 5.158515191533838973e-01 8.018663652449168344e-01 7.485536974993434178e-01 2.386191111621597249e-01 2.109639816409188962e-01 9.488821523913768541e-01 3.428589625690285914e-01
7.588574208279943445e-01 1.512507014273921646e-01 8.442377068712936250e-01 3.576077938553523516e-03 1.867449048954121782e-01 8.483337673564560477e-01 6.105269621695014193e-01 5.632069233489445104e-02 9.486967282559307657e-01 6.585402694566327986e-01 1.263530823336695974e-01 2.500714002962441951e-01 9.015539683332298715e-01 3.771910894217562760e-01 2.639342572841278933e-01
7.968304184435833770e-01 7.784706872063636984e-01 5.570642176217748265e-01 2.563113546973920798e-01 3.477212457324296846e-02 9.327424599847082831e-01 3.835374689298780559e-01 2.516658350785997422e-01 6.253141362815988202e-01 4.627335052071268606e-02 7.083561799013552429e-01 7.197153273730265699e-01 1.235010725751550797e-02 8.760615584962577751e-01 6.281999060677013746e-01
3.621399945330029402e-01 3.163066133754496301e-01 2.435422567402889538e-02 7.025077278314234563e-01 4.204387421320957552e-01 9.417612107408689370e-01 6.097751652997672744e-01 7.090416894382460811e-01 9.759659466666764649e-01 3.324123773525372583e-01 8.316440708259017489e-01 9.714507576509947562e-01 4.703240729499902351e-01 2.487857320649314863e-01 2.192563429277371023e-01
7.692971342953139890e-01 7.818741566179608915e-01 3.827389070601727727e-01 3.179489838642445276e-01 6.991220777049927948e-01 3.951929621851973939e-01 1.072597430754945735e-01 3.045833547909693184e-02 2.155301194009929810e-01 9.405273082458319722e-01 3.269910412256079590e-01 5.551768699029242526e-01 4.218400112004710989e-01 8.075793467413652227e-01 7.741668871413566189e-01
4.507356321640580976e-01 4.656191236482482010e-01 1.300383136682137231e-01 2.483886324673265644e-01 2.734507175168432447e-02 1.021854873393324148e-01 4.832648447282618109e-01 8.228494645989072875e-01 6.817808655038823940e-01 9.805992589861614039e-01 8.380705458306364486e-01 9.126901678641433646e-01 9.349541865775102822e-01 2.633249551380096865e-01 6.943059637239514803e-01
7.229121591057721119e-01 5.629905147515839037e-01 5.299516728948983069e-01 3.789168536563954914e-01 3.872183870187829724e-01 4.541115694365452926e-01 8.418191239327660336e-01 6.569310552383633706e-01 8.318880282213015898e-01 2.140300248448426812e-01 7.407349406901987399e-01 3.402982904391126384e-01 4.357559476903150042e-01 9.807894514460032687e-01 4.102265492474397313e-01
9.692203790395663709e-01 8.379308643077365559e-01 8.551791130912220762e-01 6.233840264094643313e-01 5.583901654146392612e-01 1.646566337973897065e-01 9.067834744438643124e-01 9.224485696377521249e-01 8.187701416027683976e-01 6.555060488560816578e-01 2.403682592879009539e-01 4.594400651784069645e-01 1.903406574831179032e-01 1.972053604114315517e-01 2.634607341417722903e-01
8.362641090884324058e-01 6.785331363078020983e-01 6.375408281354254525e-01 5.401530153867031281e-01 4.963248849848922450e-02 9.903036413747223765e-01 2.876383418689870686e-01 7.847893826450799137e-01 8.540472407576581437e-01 4.254112858207617087e-01 2.330858730518692301e-01 4.173201409841913456e-01 8.528393399736622360e-01 5.419273860057705061e-01 2.444310338775741442e-01
